!n: Number of areas
n: 5
!I: Set if areas
I: [02001 02002 02003 02004 02005 ]
!p: Number of regions
p: 3
!K: Set of regions
K: [1 2 3 ]
!N: Node Neighbor Set
N: [
(02001) [02002 02003 02004 02005]
(02002) [02001 02003]
(02003) [02001 02002 02004]
(02004) [02001 02003 02005]
(02005) [02001 02004]
]
!d(i,j): distance list
d: [
(02001 02001) 0.0
(02001 02002) 0.6264526161088687
(02001 02003) 0.9184294293137426
(02001 02004) 0.6842505152834558
(02001 02005) 0.6598889049811449
(02002 02001) 0.6264526161088687
(02002 02002) 0.0
(02002 02003) 0.34378778738261584
(02002 02004) 0.13353734079723054
(02002 02005) 0.9161670341114393
(02003 02001) 0.9184294293137426
(02003 02002) 0.34378778738261584
(02003 02003) 0.0
(02003 02004) 0.25469750458235013
(02003 02005) 1.1445787798123783
(02004 02001) 0.6842505152834558
(02004 02002) 0.13353734079723054
(02004 02003) 0.25469750458235013
(02004 02004) 0.0
(02004 02005) 0.9636678824902447
(02005 02001) 0.6598889049811449
(02005 02002) 0.9161670341114393
(02005 02003) 1.1445787798123783
(02005 02004) 0.9636678824902447
(02005 02005) 0.0
]
