!n: Number of areas
n: 5
!I: Set if areas
I: [03001 03002 03003 03008 03009 ]
!p: Number of regions
p: 3
!K: Set of regions
K: [1 2 3 ]
!N: Node Neighbor Set
N: [
(03001) [03002 03003 03009]
(03002) [03001 03009]
(03003) [03001 03008]
(03008) [03003]
(03009) [03001 03002]
]
!d(i,j): distance list
d: [
(03001 03001) 0.0
(03001 03002) 1.2788450512904044
(03001 03003) 0.52783954081508
(03001 03008) 1.2140892247339907
(03001 03009) 1.0927344513467554
(03002 03001) 1.2788450512904044
(03002 03002) 0.0
(03002 03003) 1.3711428411723048
(03002 03008) 1.5285168328568304
(03002 03009) 1.5197592970855307
(03003 03001) 0.52783954081508
(03003 03002) 1.3711428411723048
(03003 03003) 0.0
(03003 03008) 0.8543687059942785
(03003 03009) 0.8423317265045016
(03008 03001) 1.2140892247339907
(03008 03002) 1.5285168328568304
(03008 03003) 0.8543687059942785
(03008 03008) 0.0
(03008 03009) 0.4642226009237151
(03009 03001) 1.0927344513467554
(03009 03002) 1.5197592970855307
(03009 03003) 0.8423317265045016
(03009 03008) 0.4642226009237151
(03009 03009) 0.0
]
